1.202404809619238464e-02 4.008016032064128098e-02 1.362725450901803581e-01 5.010020040080160469e-02 8.617234468937876035e-02 5.811623246492986228e-02 1.322645290581162258e-01 4.809619238476953856e-02 7.214428857715431131e-02 1.222444889779559091e-01 2.404809619238476928e-02 3.607214428857715566e-02 5.811623246492986228e-02 5.611222444889779615e-02 4.809619238476953856e-02 2.004008016032064049e-02
3.703703703703703498e-02 3.703703703703703498e-02 0.000000000000000000e+00 2.116402116402116285e-02 2.116402116402116285e-02 2.028218694885361439e-01 4.197530864197530631e-01 2.821869488536155046e-02 2.116402116402116285e-02 2.116402116402116285e-02 2.821869488536155046e-02 5.291005291005290712e-03 7.407407407407406996e-02 2.469135802469135665e-02 4.761904761904761640e-02 1.058201058201058142e-02
2.985074626865671585e-02 1.628222523744911679e-02 0.000000000000000000e+00 2.985074626865671585e-02 4.341926729986431144e-02 6.784260515603799530e-03 0.000000000000000000e+00 1.316146540027137157e-01 2.754409769335142699e-01 1.153324287652645885e-01 5.563093622795114990e-02 2.713704206241519812e-02 5.563093622795114990e-02 7.462686567164178442e-02 7.327001356852103076e-02 6.512890094979646716e-02
4.273504273504273587e-02 2.421652421652421491e-02 0.000000000000000000e+00 1.709401709401709574e-02 1.267806267806267928e-01 7.122507122507122646e-03 0.000000000000000000e+00 1.566951566951567051e-02 0.000000000000000000e+00 2.706552706552706536e-02 3.561253561253561323e-02 2.849002849002849145e-03 5.584045584045583821e-01 7.834757834757834216e-02 4.843304843304842983e-02 1.566951566951567051e-02
3.479236812570146026e-02 3.030303030303030387e-02 0.000000000000000000e+00 3.479236812570146026e-02 9.427609427609427717e-02 7.295173961840628607e-02 0.000000000000000000e+00 3.479236812570146026e-02 0.000000000000000000e+00 2.929292929292929282e-01 9.090909090909091161e-02 5.836139169472502608e-02 0.000000000000000000e+00 2.098765432098765316e-01 3.479236812570146026e-02 1.122334455667788923e-02
1.315789473684210453e-02 2.105263157894736795e-02 0.000000000000000000e+00 1.052631578947368397e-02 1.842105263157894565e-02 1.210526315789473700e-01 0.000000000000000000e+00 7.894736842105263414e-03 0.000000000000000000e+00 0.000000000000000000e+00 3.026315789473684251e-02 5.263157894736841987e-03 0.000000000000000000e+00 7.368421052631578538e-01 1.315789473684210453e-02 2.236842105263157909e-02
5.193578847969782669e-02 3.777148253068932787e-02 0.000000000000000000e+00 1.199244570349386196e-01 3.777148253068932787e-02 8.120868744098205805e-02 0.000000000000000000e+00 8.876298394711992779e-02 0.000000000000000000e+00 0.000000000000000000e+00 1.756373937677053743e-01 1.199244570349386196e-01 0.000000000000000000e+00 0.000000000000000000e+00 1.076487252124645883e-01 1.794145420207743091e-01
3.918722786647314826e-02 1.741654571843250995e-02 0.000000000000000000e+00 8.708272859216254977e-03 4.499274310595065274e-02 1.451378809869375902e-03 0.000000000000000000e+00 1.451378809869375902e-03 0.000000000000000000e+00 0.000000000000000000e+00 8.708272859216254977e-03 8.664731494920173693e-01 0.000000000000000000e+00 0.000000000000000000e+00 1.161103047895500721e-02 0.000000000000000000e+00
9.397810218978101815e-02 8.485401459854013950e-02 0.000000000000000000e+00 1.359489051094890377e-01 9.397810218978101815e-02 1.277372262773722733e-01 0.000000000000000000e+00 8.485401459854013950e-02 0.000000000000000000e+00 0.000000000000000000e+00 1.897810218978102093e-01 0.000000000000000000e+00 0.000000000000000000e+00 0.000000000000000000e+00 1.888686131386861367e-01 0.000000000000000000e+00
4.237288135593220324e-03 9.887005649717514957e-03 0.000000000000000000e+00 1.412429378531073441e-02 1.412429378531073441e-02 3.107344632768361745e-02 0.000000000000000000e+00 1.412429378531073441e-03 0.000000000000000000e+00 0.000000000000000000e+00 0.000000000000000000e+00 0.000000000000000000e+00 0.000000000000000000e+00 0.000000000000000000e+00 9.251412429378531588e-01 0.000000000000000000e+00
3.807615230460922179e-02 5.010020040080160469e-02 6.012024048096192147e-02 3.406813627254508953e-02 5.811623246492986228e-02 9.218436873747494487e-02 2.064128256513026172e-01 2.605210420841683194e-02 4.008016032064127925e-03 4.008016032064127925e-03 2.304609218436873830e-01 3.807615230460922179e-02 1.803607214428857783e-02 9.619238476953907713e-02 3.006012024048096073e-02 1.402805611222444904e-02
1.221498371335504873e-01 1.954397394136807645e-02 1.140065146579804546e-02 2.931596091205211640e-02 1.954397394136807645e-02 2.410423452768729602e-01 2.442996742671009747e-01 7.980456026058631303e-02 4.885993485342019112e-03 1.954397394136807645e-02 0.000000000000000000e+00 2.605863192182410540e-02 4.234527687296416737e-02 4.885993485342019112e-03 1.091205211726384433e-01 2.605863192182410540e-02
1.694915254237288130e-02 2.927580893682588462e-02 3.235747303543913544e-02 2.927580893682588462e-02 3.543913713405238974e-02 4.052388289676425170e-01 0.000000000000000000e+00 4.314329738058551855e-02 1.633281972265022974e-01 8.166409861325114872e-02 0.000000000000000000e+00 6.163328197226502526e-03 6.163328197226502526e-03 7.550077041602465400e-02 4.622496147919876591e-02 2.927580893682588462e-02
1.706036745406824123e-02 3.805774278215223044e-02 4.068241469816272909e-02 3.937007874015747977e-03 7.874015748031495954e-03 0.000000000000000000e+00 0.000000000000000000e+00 6.561679790026246628e-02 3.805774278215223044e-02 6.272965879265092193e-01 0.000000000000000000e+00 1.443569553805774258e-02 3.805774278215223044e-02 1.049868766404199460e-02 8.136482939632545819e-02 1.706036745406824123e-02
5.834186284544524287e-02 9.211873080859775409e-02 1.074718526100307131e-01 1.473899692937563899e-01 2.763561924257932484e-02 0.000000000000000000e+00 0.000000000000000000e+00 1.197543500511770720e-01 8.188331627430911475e-02 0.000000000000000000e+00 0.000000000000000000e+00 9.723643807574207376e-02 9.518935516888434034e-02 7.983623336745138133e-02 5.629477993858750945e-02 3.684749232343909747e-02
1.555209953343701483e-02 1.555209953343701396e-03 1.555209953343701396e-03 0.000000000000000000e+00 1.555209953343701396e-03 0.000000000000000000e+00 0.000000000000000000e+00 8.849144634525660802e-01 2.488335925349922234e-02 0.000000000000000000e+00 0.000000000000000000e+00 1.555209953343701396e-03 4.043545878693623891e-02 1.555209953343701396e-03 2.488335925349922234e-02 1.555209953343701396e-03
8.333333333333332871e-02 1.282771535580524425e-01 1.095505617977528129e-01 0.000000000000000000e+00 9.644194756554307080e-02 0.000000000000000000e+00 0.000000000000000000e+00 0.000000000000000000e+00 1.226591760299625411e-01 0.000000000000000000e+00 0.000000000000000000e+00 8.333333333333332871e-02 1.413857677902621846e-01 6.179775280898876233e-02 8.333333333333332871e-02 8.988764044943819975e-02
4.615384615384615814e-03 1.538461538461538460e-03 2.153846153846153758e-02 0.000000000000000000e+00 1.538461538461538460e-03 0.000000000000000000e+00 0.000000000000000000e+00 0.000000000000000000e+00 9.015384615384615108e-01 0.000000000000000000e+00 0.000000000000000000e+00 1.076923076923076879e-02 0.000000000000000000e+00 1.538461538461538460e-03 1.538461538461538547e-02 4.153846153846153799e-02
3.406813627254508953e-02 1.002004008016032094e-01 2.805611222444889807e-02 5.611222444889779615e-02 4.008016032064127925e-03 1.002004008016032094e-01 1.563126252505009917e-01 5.010020040080160469e-02 4.008016032064127925e-03 1.222444889779559091e-01 1.482965931863727549e-01 2.204408817635270662e-02 9.619238476953907713e-02 2.805611222444889807e-02 1.002004008016032024e-02 4.008016032064128098e-02
6.932409012131715391e-03 1.733102253032928891e-02 2.599653379549393337e-02 8.838821490467937969e-02 3.986135181975736241e-02 5.545927209705372313e-02 0.000000000000000000e+00 2.599653379549393337e-02 4.506065857885615394e-02 6.239168110918544286e-02 2.149046793760831797e-01 4.852686308492201034e-02 1.577123050259965353e-01 9.185441941074523609e-02 3.292894280762564962e-02 8.665511265164645149e-02
5.296950240770465640e-02 1.444622792937399688e-02 8.507223113964687555e-02 2.407704654895666263e-02 5.778491171749598754e-02 3.691813804173355029e-02 0.000000000000000000e+00 1.621187800963081738e-01 4.654895666131621257e-02 1.765650080256821880e-02 0.000000000000000000e+00 1.861958266452648503e-01 1.894060995184590757e-01 1.011235955056179747e-01 2.086677367576244072e-02 4.815409309791332006e-03
2.917341977309562476e-02 1.296596434359805448e-02 1.296596434359805448e-02 4.862236628849271082e-03 2.269043760129659665e-02 8.265802269043760753e-02 0.000000000000000000e+00 9.724473257698542164e-03 1.021069692058346884e-01 6.499189627228525445e-01 0.000000000000000000e+00 1.296596434359805448e-02 0.000000000000000000e+00 2.593192868719610897e-02 4.862236628849271082e-03 2.917341977309562476e-02
2.000000000000000042e-02 4.777777777777778012e-02 2.555555555555555705e-02 4.777777777777778012e-02 2.888888888888888756e-02 6.555555555555556135e-02 0.000000000000000000e+00 2.888888888888888756e-02 5.355555555555555625e-01 0.000000000000000000e+00 0.000000000000000000e+00 7.777777777777777901e-02 0.000000000000000000e+00 2.555555555555555705e-02 5.999999999999999778e-02 3.666666666666666685e-02
6.829765545361875245e-02 6.218144750254842035e-02 6.523955147808359334e-02 1.111111111111111049e-01 7.543323139653414222e-02 3.017329255861365689e-01 0.000000000000000000e+00 5.810397553516819663e-02 0.000000000000000000e+00 0.000000000000000000e+00 0.000000000000000000e+00 4.791029561671763387e-02 0.000000000000000000e+00 7.543323139653414222e-02 6.218144750254842035e-02 7.237512742099898311e-02
3.773584905660377388e-03 1.635220125786163506e-02 3.396226415094339562e-02 7.547169811320754776e-03 8.641509433962264453e-01 0.000000000000000000e+00 0.000000000000000000e+00 2.515723270440251447e-03 0.000000000000000000e+00 0.000000000000000000e+00 0.000000000000000000e+00 2.515723270440251447e-03 0.000000000000000000e+00 4.276729559748427417e-02 2.515723270440251447e-03 2.389937106918239157e-02
1.416526138279932678e-01 1.416526138279932678e-01 1.264755480607082649e-01 7.925801011804384233e-02 0.000000000000000000e+00 0.000000000000000000e+00 0.000000000000000000e+00 9.612141652613827303e-02 0.000000000000000000e+00 0.000000000000000000e+00 0.000000000000000000e+00 1.112984822934232759e-01 0.000000000000000000e+00 1.037099494097807745e-01 1.037099494097807745e-01 9.612141652613827303e-02
0.000000000000000000e+00 9.805097451274362719e-01 4.497751124437780745e-03 1.499250374812593654e-03 0.000000000000000000e+00 0.000000000000000000e+00 0.000000000000000000e+00 4.497751124437780745e-03 0.000000000000000000e+00 0.000000000000000000e+00 0.000000000000000000e+00 1.499250374812593654e-03 0.000000000000000000e+00 1.499250374812593654e-03 4.497751124437780745e-03 1.499250374812593654e-03
6.012024048096192320e-03 2.004008016032064049e-02 1.603206412825651170e-02 4.208416833667334711e-02 4.609218436873747243e-02 6.012024048096192320e-03 3.807615230460922179e-02 2.404809619238476928e-02 6.012024048096192320e-03 1.623246492985971901e-01 1.222444889779559091e-01 2.805611222444889807e-02 3.887775551102204408e-01 2.805611222444889807e-02 2.404809619238476928e-02 4.208416833667334711e-02
2.453102453102453187e-02 1.443001443001443000e-02 8.080808080808081495e-02 1.457431457431457300e-01 2.164502164502164414e-02 2.626262626262626521e-01 2.121212121212121271e-01 1.443001443001443000e-02 2.741702741702741614e-02 8.946608946608947122e-02 1.875901875901875987e-02 5.772005772005772001e-03 0.000000000000000000e+00 5.772005772005772001e-03 2.741702741702741614e-02 4.906204906204906374e-02
9.251101321585902815e-02 8.663729809104257773e-02 3.377386196769456561e-02 6.020558002936857861e-02 2.496328928046989692e-02 0.000000000000000000e+00 1.453744493392070403e-01 1.703377386196769372e-01 5.433186490455212819e-02 1.527165932452275998e-01 4.111600587371512516e-02 5.873715124816446254e-02 0.000000000000000000e+00 2.790014684287812213e-02 4.698972099853156864e-02 4.405286343612335211e-03
1.463414634146341549e-02 3.252032520325203249e-03 1.463414634146341549e-02 7.056910569105691033e-01 2.601626016260162599e-02 0.000000000000000000e+00 3.414634146341463672e-02 0.000000000000000000e+00 1.138211382113821224e-02 8.292682926829268719e-02 3.252032520325203596e-02 1.788617886178861874e-02 0.000000000000000000e+00 3.252032520325203249e-03 3.252032520325203249e-03 5.040650406504065123e-02
1.050375133976420156e-01 2.036441586280814467e-02 8.896034297963557880e-02 0.000000000000000000e+00 9.217577706323687448e-02 0.000000000000000000e+00 1.018220793140407338e-01 0.000000000000000000e+00 1.189710610932475932e-01 1.200428724544480158e-01 1.596998928188638756e-01 5.359056806002143736e-02 0.000000000000000000e+00 3.536977491961414838e-02 7.609860664523043772e-02 2.786709539121114826e-02
1.543209876543209791e-03 7.716049382716048954e-03 6.666666666666666297e-01 0.000000000000000000e+00 3.703703703703703498e-02 0.000000000000000000e+00 1.759259259259259300e-01 0.000000000000000000e+00 1.543209876543209791e-03 2.777777777777777624e-02 0.000000000000000000e+00 2.623456790123456644e-02 0.000000000000000000e+00 3.549382716049382519e-02 1.543209876543209791e-03 1.851851851851851749e-02
1.106337271750805623e-01 1.181525241675617649e-01 0.000000000000000000e+00 0.000000000000000000e+00 1.471535982814178301e-01 0.000000000000000000e+00 7.089151450053705894e-02 0.000000000000000000e+00 1.031149301825993597e-01 7.089151450053705894e-02 0.000000000000000000e+00 8.700322234156820933e-02 0.000000000000000000e+00 9.452201933404941192e-02 8.700322234156820933e-02 1.106337271750805623e-01
1.560062402496099898e-03 1.560062402496099898e-03 0.000000000000000000e+00 0.000000000000000000e+00 0.000000000000000000e+00 0.000000000000000000e+00 1.560062402496099898e-03 0.000000000000000000e+00 9.297971918876755115e-01 1.560062402496099898e-03 0.000000000000000000e+00 4.680187207488299694e-03 0.000000000000000000e+00 2.028081123244929868e-02 4.680187207488299694e-03 3.432137285491419776e-02
3.607214428857715566e-02 3.607214428857715566e-02 4.208416833667334711e-02 4.208416833667334711e-02 4.008016032064128098e-02 5.410821643286573002e-02 6.012024048096192147e-02 1.102204408817635262e-01 3.206412825651302340e-02 9.418837675350701100e-02 2.144288577154308539e-01 4.208416833667334711e-02 1.002004008016032094e-01 3.206412825651302340e-02 2.805611222444889807e-02 3.607214428857715566e-02
6.930693069306931298e-02 9.900990099009901110e-03 2.145214521452145154e-02 4.950495049504950555e-03 1.320132013201320148e-02 4.290429042904290308e-02 4.405940594059405968e-01 1.815181518151815290e-02 9.240924092409240342e-02 8.580858085808580615e-02 0.000000000000000000e+00 1.320132013201320148e-02 1.650165016501650150e-01 1.320132013201320148e-02 4.950495049504950555e-03 4.950495049504950555e-03
8.746736292428199111e-02 3.785900783289817412e-02 7.702349869451696751e-02 3.263707571801566926e-02 2.349869451697127881e-02 4.438642297650130519e-01 0.000000000000000000e+00 1.409921671018276867e-01 5.483028720626632185e-02 5.221932114882506595e-03 0.000000000000000000e+00 2.088772845953002638e-02 1.697127937336814774e-02 3.263707571801566926e-02 2.088772845953002638e-02 5.221932114882506595e-03
1.072705601907032215e-02 8.343265792610250753e-03 1.430274135876042838e-02 4.648390941597139309e-02 1.668653158522050151e-02 0.000000000000000000e+00 0.000000000000000000e+00 1.179976162097735454e-01 3.337306317044100301e-02 6.162097735399284515e-01 0.000000000000000000e+00 8.343265792610250753e-03 6.674612634088200602e-02 4.648390941597139309e-02 3.575685339690107094e-03 1.072705601907032215e-02
2.559055118110236185e-02 1.771653543307086590e-02 8.858267716535432948e-03 6.811023622047244208e-01 8.858267716535432948e-03 0.000000000000000000e+00 0.000000000000000000e+00 7.480314960629921850e-02 2.559055118110236185e-02 0.000000000000000000e+00 0.000000000000000000e+00 2.263779527559055260e-02 6.594488188976377341e-02 2.066929133858267861e-02 2.263779527559055260e-02 2.559055118110236185e-02
9.235936188077246631e-03 7.220822837951301754e-02 6.633081444164568019e-02 0.000000000000000000e+00 9.235936188077246631e-03 0.000000000000000000e+00 0.000000000000000000e+00 3.954659949622166271e-01 1.091519731318220041e-02 0.000000000000000000e+00 0.000000000000000000e+00 7.220822837951301754e-02 7.640638119227539937e-02 1.561712846347607098e-01 1.074727120067170416e-01 2.434928631402183061e-02
8.247422680412370977e-02 1.154639175257732020e-01 1.092783505154639179e-01 0.000000000000000000e+00 8.144329896907216704e-02 0.000000000000000000e+00 0.000000000000000000e+00 0.000000000000000000e+00 1.340206185567010266e-01 0.000000000000000000e+00 0.000000000000000000e+00 7.525773195876288291e-02 1.154639175257732020e-01 8.865979381443299390e-02 1.154639175257732020e-01 8.247422680412370977e-02
1.589825119236884044e-03 1.589825119236884044e-03 8.267090620031795900e-02 0.000000000000000000e+00 1.271860095389507235e-02 0.000000000000000000e+00 0.000000000000000000e+00 0.000000000000000000e+00 0.000000000000000000e+00 0.000000000000000000e+00 0.000000000000000000e+00 1.589825119236884044e-03 8.775834658187599002e-01 7.949125596184419135e-03 9.538950715421302962e-03 4.769475357710651481e-03
6.412825651302604679e-02 9.819639278557114326e-02 4.809619238476953856e-02 3.406813627254508953e-02 5.210420841683366389e-02 5.811623246492986228e-02 2.605210420841683194e-02 5.210420841683366389e-02 1.663326653306613223e-01 1.503006012024048210e-01 1.563126252505009917e-01 4.008016032064127925e-03 4.208416833667334711e-02 2.004008016032064049e-02 4.008016032064127925e-03 2.404809619238476928e-02
2.405498281786941708e-02 7.388316151202749260e-02 2.920962199312714808e-02 2.061855670103092744e-02 2.061855670103092744e-02 2.061855670103092744e-02 5.154639175257731860e-03 2.061855670103092744e-02 0.000000000000000000e+00 2.061855670103092744e-02 1.030927835051546372e-02 5.154639175257731860e-03 6.151202749140893822e-01 1.374570446735395163e-02 9.278350515463917869e-02 2.749140893470790326e-02
1.516919486581096849e-02 2.100350058343057255e-02 3.967327887981330486e-02 7.001166861143524184e-03 5.600933488914819347e-02 1.516919486581096849e-02 1.493582263710618308e-01 9.101516919486581092e-02 0.000000000000000000e+00 5.134189031505250606e-02 2.065344224037339582e-01 2.100350058343057255e-02 0.000000000000000000e+00 2.567094515752625372e-01 1.866977829638272884e-02 5.134189031505250606e-02
2.781641168289290551e-03 2.781641168289290551e-03 1.668984700973574417e-02 1.084840055632823319e-01 1.668984700973574417e-02 4.728789986091794240e-02 4.589707927677329907e-02 1.668984700973574417e-02 0.000000000000000000e+00 6.870653685674548150e-01 3.477051460361613167e-02 1.529902642559109911e-02 0.000000000000000000e+00 0.000000000000000000e+00 2.781641168289290551e-03 2.781641168289290551e-03
1.611278952668680764e-02 5.135951661631420195e-02 6.545820745216515690e-02 1.510574018126888129e-01 8.157099697885196454e-02 2.920443101711983971e-02 1.389728096676737246e-01 2.245720040281973806e-01 0.000000000000000000e+00 0.000000000000000000e+00 1.389728096676737246e-01 4.028197381671701910e-02 0.000000000000000000e+00 0.000000000000000000e+00 2.517623363544813780e-02 3.726082578046324006e-02
9.695290858725761143e-03 2.770083102493074798e-03 2.770083102493074798e-03 7.285318559556787088e-01 2.770083102493074798e-03 9.695290858725761143e-03 1.523545706371191161e-02 0.000000000000000000e+00 0.000000000000000000e+00 0.000000000000000000e+00 1.772853185595567871e-01 2.077562326869806034e-02 0.000000000000000000e+00 0.000000000000000000e+00 2.770083102493074712e-02 2.770083102493074798e-03
4.292682926829268636e-02 9.073170731707316805e-02 1.121951219512195147e-01 0.000000000000000000e+00 3.609756097560975346e-02 7.414634146341463061e-02 2.526829268292682951e-01 0.000000000000000000e+00 0.000000000000000000e+00 0.000000000000000000e+00 1.229268292682926811e-01 1.073170731707317055e-01 0.000000000000000000e+00 0.000000000000000000e+00 1.180487804878048719e-01 4.292682926829268636e-02
1.317523056653491492e-03 1.185770750988142212e-02 9.407114624505928946e-01 0.000000000000000000e+00 1.317523056653491492e-03 3.689064558629776003e-02 0.000000000000000000e+00 0.000000000000000000e+00 0.000000000000000000e+00 0.000000000000000000e+00 1.317523056653491492e-03 1.317523056653491492e-03 0.000000000000000000e+00 0.000000000000000000e+00 3.952569169960474041e-03 1.317523056653491492e-03
1.088211046990931602e-01 1.698268755152514409e-01 0.000000000000000000e+00 0.000000000000000000e+00 8.408903544929925700e-02 1.549876339653750990e-01 0.000000000000000000e+00 0.000000000000000000e+00 0.000000000000000000e+00 0.000000000000000000e+00 1.549876339653750990e-01 1.170651277823577946e-01 0.000000000000000000e+00 0.000000000000000000e+00 1.170651277823577946e-01 9.315746084089035484e-02
7.082152974504249410e-03 0.000000000000000000e+00 0.000000000000000000e+00 0.000000000000000000e+00 2.832861189801699764e-02 8.640226628895184557e-01 0.000000000000000000e+00 0.000000000000000000e+00 0.000000000000000000e+00 0.000000000000000000e+00 5.240793201133144702e-02 3.541076487252124705e-02 0.000000000000000000e+00 0.000000000000000000e+00 1.133144475920679940e-02 1.416430594900849925e-03
3.807615230460922179e-02 8.016032064128256196e-02 5.611222444889779615e-02 6.012024048096192147e-02 4.208416833667334711e-02 4.809619238476953856e-02 6.212424849699398760e-02 4.609218436873747243e-02 6.012024048096192147e-02 2.064128256513026172e-01 1.883767535070140220e-01 3.406813627254508953e-02 1.603206412825651170e-02 2.404809619238476928e-02 3.206412825651302340e-02 6.012024048096192320e-03
1.993355481727574624e-02 2.657807308970099730e-02 6.976744186046511531e-02 5.315614617940199460e-02 1.162790697674418589e-02 8.305647840531561743e-02 1.627906976744186163e-01 3.820598006644518319e-02 1.162790697674418589e-02 0.000000000000000000e+00 3.156146179401993213e-02 1.495016611295681142e-02 1.445182724252491724e-01 2.707641196013289009e-01 5.481727574750830390e-02 6.644518272425249325e-03
1.812688821752266033e-02 3.323262839879154162e-02 2.567975830815710098e-02 5.287009063444108453e-02 7.552870090634441515e-03 2.567975830815710098e-02 7.552870090634441515e-03 1.661631419939577081e-02 2.114803625377643589e-02 0.000000000000000000e+00 1.057401812688821795e-02 1.661631419939577081e-02 7.401812688821752806e-01 0.000000000000000000e+00 3.021148036253776432e-03 2.114803625377643589e-02
5.055611729019211104e-02 1.274014155712841212e-01 1.021233569261880691e-01 1.122345803842264983e-01 8.695652173913043237e-02 1.334681496461071759e-01 7.684529828109201710e-02 3.235591506572295384e-02 8.392315470171890501e-02 0.000000000000000000e+00 1.092012133468149709e-01 1.617795753286147692e-02 0.000000000000000000e+00 0.000000000000000000e+00 1.112234580384226408e-02 5.763397371081900589e-02
1.584786053882725892e-03 1.584786053882725892e-03 1.584786053882725892e-02 3.645007923930269206e-02 1.045958795562599020e-01 0.000000000000000000e+00 7.591125198098256366e-01 7.290015847860538412e-02 1.584786053882725892e-03 0.000000000000000000e+00 1.584786053882725892e-03 1.584786053882725892e-03 0.000000000000000000e+00 0.000000000000000000e+00 1.584786053882725892e-03 1.584786053882725892e-03
1.053169734151329223e-01 7.259713701431493027e-02 1.216768916155419183e-01 1.104294478527607370e-01 1.104294478527607370e-01 0.000000000000000000e+00 0.000000000000000000e+00 9.918200408997955575e-02 8.793456032719836057e-02 0.000000000000000000e+00 9.406952965235174102e-02 8.179959100204499400e-02 0.000000000000000000e+00 0.000000000000000000e+00 2.862985685071574651e-02 8.793456032719836057e-02
8.077544426494345786e-03 1.130856219709208341e-02 0.000000000000000000e+00 9.321486268174474787e-01 9.693053311793214596e-03 0.000000000000000000e+00 0.000000000000000000e+00 1.615508885298869244e-03 9.693053311793214596e-03 0.000000000000000000e+00 1.615508885298869244e-03 4.846526655896607298e-03 0.000000000000000000e+00 0.000000000000000000e+00 1.615508885298869244e-03 1.938610662358642919e-02
3.206412825651302340e-02 1.603206412825651170e-02 6.012024048096192320e-03 2.004008016032064188e-01 2.004008016032064049e-02 3.607214428857715566e-02 1.402805611222444904e-01 5.811623246492986228e-02 4.008016032064128098e-02 7.615230460921844358e-02 1.462925851703406888e-01 6.012024048096192320e-03 7.214428857715431131e-02 2.404809619238476928e-02 9.418837675350701100e-02 3.206412825651302340e-02
3.005008347245409148e-02 1.001669449081802991e-02 3.672787979966610911e-02 0.000000000000000000e+00 4.841402337228714603e-02 1.502504173622704574e-02 2.020033388981636036e-01 1.435726210350584398e-01 8.013355592654423931e-02 1.001669449081802991e-02 2.237061769616026652e-01 7.011686143572620766e-02 8.514190317195326208e-02 1.001669449081802991e-02 2.504173622704507565e-02 1.001669449081802991e-02
1.737756714060031613e-02 3.159557661927329952e-02 2.527646129541864101e-02 0.000000000000000000e+00 6.477093206951026194e-02 2.195892575039494476e-01 1.090047393364928924e-01 1.879936808846761342e-01 7.266982622432859029e-02 5.845181674565561036e-02 0.000000000000000000e+00 1.169036334913112207e-01 4.739336492890995622e-03 4.739336492890995622e-03 2.527646129541864101e-02 6.161137440758293615e-02
3.448275862068965469e-02 4.702194357366771410e-03 1.724137931034482735e-02 0.000000000000000000e+00 2.037617554858934046e-02 0.000000000000000000e+00 2.664576802507837017e-02 4.702194357366771410e-03 1.253918495297805594e-02 4.090909090909091161e-01 0.000000000000000000e+00 9.561128526645767955e-02 3.040752351097178452e-01 3.134796238244513811e-02 3.448275862068965469e-02 4.702194357366771410e-03
3.157894736842105365e-02 3.947368421052631360e-02 3.157894736842105365e-02 0.000000000000000000e+00 7.105263157894736725e-02 0.000000000000000000e+00 2.236842105263157909e-02 1.578947368421052544e-01 1.171052631578947401e-01 0.000000000000000000e+00 0.000000000000000000e+00 1.368421052631579038e-01 2.605263157894736614e-01 3.552631578947368363e-02 8.552631578947368640e-02 1.052631578947368397e-02
2.869440459110473608e-03 8.608321377331419957e-03 2.869440459110473608e-03 0.000000000000000000e+00 1.434720229555236717e-02 0.000000000000000000e+00 2.008608321377331266e-02 8.608321377331419957e-03 8.766140602582496166e-01 0.000000000000000000e+00 0.000000000000000000e+00 2.152080344332855250e-02 0.000000000000000000e+00 1.434720229555236804e-03 2.152080344332855250e-02 2.152080344332855250e-02
7.207207207207207145e-02 9.729729729729730270e-02 7.837837837837838273e-02 0.000000000000000000e+00 8.468468468468468013e-02 0.000000000000000000e+00 1.153153153153153171e-01 1.450450450450450346e-01 0.000000000000000000e+00 0.000000000000000000e+00 0.000000000000000000e+00 1.387387387387387372e-01 0.000000000000000000e+00 4.324324324324324564e-02 1.099099099099099114e-01 1.153153153153153171e-01
1.212121212121212120e-02 1.515151515151515150e-03 1.515151515151515150e-03 0.000000000000000000e+00 1.515151515151515150e-03 0.000000000000000000e+00 1.515151515151515150e-03 0.000000000000000000e+00 0.000000000000000000e+00 0.000000000000000000e+00 0.000000000000000000e+00 9.136363636363636909e-01 0.000000000000000000e+00 1.515151515151515194e-02 3.484848484848485084e-02 1.818181818181818094e-02
2.805611222444889807e-02 4.008016032064128098e-02 4.008016032064128098e-02 3.206412825651302340e-02 1.603206412825651170e-02 6.813627254509017905e-02 2.805611222444889807e-02 6.813627254509017905e-02 2.004008016032064049e-02 1.883767535070140220e-01 6.813627254509017905e-02 3.607214428857715566e-02 1.643286573146292562e-01 4.408817635270541324e-02 2.004008016032064049e-02 1.382765531062124242e-01
6.745362563237773668e-03 7.419898819561551728e-02 8.263069139966272569e-02 3.035413153456998150e-02 1.349072512647554734e-01 1.163575042158516010e-01 1.079258010118043787e-01 3.372681281618886834e-02 2.360876897133220784e-02 0.000000000000000000e+00 6.070826306913996301e-02 3.035413153456998150e-02 1.112984822934232759e-01 1.500843170320404762e-01 3.204047217537942666e-02 5.059021922428330251e-03
1.190476190476190410e-02 4.591836734693877792e-02 6.802721088435374763e-02 3.401360544217686948e-03 3.401360544217686948e-03 3.741496598639455773e-02 5.952380952380952051e-02 1.530612244897959148e-02 3.401360544217686948e-03 0.000000000000000000e+00 8.333333333333332871e-02 4.081632653061224164e-02 5.986394557823129237e-01 0.000000000000000000e+00 3.401360544217686948e-03 2.551020408163265363e-02
8.225616921269095563e-03 1.762632197414806118e-02 8.813160987074029895e-02 2.232667450058754485e-02 6.345475910693301747e-02 1.950646298472385465e-01 3.184488836662749955e-01 8.225616921269095563e-03 8.225616921269095216e-02 0.000000000000000000e+00 4.347826086956521618e-02 2.232667450058754485e-02 0.000000000000000000e+00 0.000000000000000000e+00 1.762632197414806118e-02 1.128084606345475943e-01
1.298701298701298787e-02 4.415584415584415667e-02 2.597402597402597400e-03 9.090909090909091161e-02 5.402597402597402176e-01 1.987012987012987120e-01 0.000000000000000000e+00 2.857142857142857054e-02 2.597402597402597400e-03 0.000000000000000000e+00 1.298701298701298787e-02 1.558441558441558440e-02 0.000000000000000000e+00 0.000000000000000000e+00 2.597402597402597400e-03 4.805194805194805407e-02
6.885245901639344690e-02 2.437158469945355233e-01 8.961748633879781933e-02 7.322404371584699534e-02 0.000000000000000000e+00 7.759562841530054378e-02 0.000000000000000000e+00 5.136612021857923233e-02 7.322404371584699534e-02 0.000000000000000000e+00 7.759562841530054378e-02 9.398907103825136777e-02 0.000000000000000000e+00 0.000000000000000000e+00 7.322404371584699534e-02 7.759562841530054378e-02
8.698060941828255066e-01 0.000000000000000000e+00 2.077562326869806034e-02 1.385041551246537399e-03 0.000000000000000000e+00 1.385041551246537399e-03 0.000000000000000000e+00 1.108033240997229919e-02 5.540166204986149597e-03 0.000000000000000000e+00 1.385041551246537399e-03 6.371191135734072253e-02 0.000000000000000000e+00 0.000000000000000000e+00 1.939058171745152229e-02 5.540166204986149597e-03
0.000000000000000000e+00 0.000000000000000000e+00 8.429458740017746476e-02 1.038154392191659309e-01 0.000000000000000000e+00 1.171251109139307828e-01 0.000000000000000000e+00 1.171251109139307828e-01 1.233362910381543970e-01 0.000000000000000000e+00 1.038154392191659309e-01 1.100266193433895312e-01 0.000000000000000000e+00 0.000000000000000000e+00 1.171251109139307828e-01 1.233362910381543970e-01
0.000000000000000000e+00 0.000000000000000000e+00 1.567398119122256992e-03 1.880877742946708564e-02 0.000000000000000000e+00 9.529780564263322651e-01 0.000000000000000000e+00 9.404388714733542820e-03 0.000000000000000000e+00 0.000000000000000000e+00 1.567398119122256992e-03 4.702194357366771410e-03 0.000000000000000000e+00 0.000000000000000000e+00 1.567398119122256992e-03 9.404388714733542820e-03
2.404809619238476928e-02 1.603206412825651170e-02 4.008016032064127925e-03 1.002004008016032024e-02 3.406813627254508953e-02 4.008016032064127925e-03 1.402805611222444904e-01 2.064128256513026172e-01 5.210420841683366389e-02 4.008016032064127925e-03 1.803607214428857852e-01 3.006012024048096073e-02 1.623246492985971901e-01 2.404809619238476928e-02 6.412825651302604679e-02 4.408817635270541324e-02
4.983388704318936560e-03 3.322259136212624836e-02 3.654485049833887389e-02 2.524916943521594570e-01 4.983388704318936560e-03 1.328903654485049865e-02 9.966777408637873120e-03 0.000000000000000000e+00 4.983388704318936560e-03 2.657807308970099730e-02 5.315614617940199460e-02 8.139534883720930813e-02 2.325581395348837177e-01 1.528239202657807327e-01 1.993355481727574624e-02 7.308970099667774778e-02
2.764976958525345793e-02 1.536098310291858782e-01 3.533026113671274698e-02 0.000000000000000000e+00 3.840245775729646954e-02 1.228878648233486942e-02 3.686635944700460965e-01 0.000000000000000000e+00 3.225806451612903136e-02 8.141321044546850905e-02 6.144393241167434710e-03 9.523809523809523281e-02 3.225806451612903136e-02 8.909370199692780157e-02 2.150537634408602322e-02 6.144393241167434710e-03
4.032258064516128920e-03 4.032258064516128920e-03 5.913978494623656212e-01 0.000000000000000000e+00 6.182795698924731242e-02 1.344086021505376365e-02 0.000000000000000000e+00 0.000000000000000000e+00 1.075268817204301161e-02 1.075268817204301161e-02 4.032258064516128920e-03 1.545698924731182811e-01 1.021505376344086086e-01 1.075268817204301161e-02 1.881720430107526945e-02 1.344086021505376365e-02
8.413205537806177359e-02 1.299254526091586925e-01 0.000000000000000000e+00 0.000000000000000000e+00 1.927582534611288478e-01 8.413205537806177359e-02 0.000000000000000000e+00 0.000000000000000000e+00 7.561235356762513460e-02 8.839190628328008614e-02 5.857294994675186356e-02 5.857294994675186356e-02 6.709265175718849561e-02 9.691160809371672513e-02 4.685835995740149362e-02 1.703940362087327104e-02
1.470588235294117696e-01 5.882352941176470507e-03 0.000000000000000000e+00 0.000000000000000000e+00 0.000000000000000000e+00 4.411764705882353227e-02 0.000000000000000000e+00 0.000000000000000000e+00 3.676470588235294240e-02 4.411764705882353227e-02 4.264705882352941291e-02 2.941176470588235253e-03 4.617647058823529660e-01 1.088235294117647078e-01 4.264705882352941291e-02 6.323529411764705621e-02
1.015911872705018426e-01 9.669522643818849461e-02 0.000000000000000000e+00 0.000000000000000000e+00 0.000000000000000000e+00 3.843329253365972975e-01 0.000000000000000000e+00 0.000000000000000000e+00 4.773561811505507707e-02 7.099143206854345578e-02 7.955936352509179743e-02 5.752753977968175919e-02 0.000000000000000000e+00 7.955936352509179743e-02 6.119951040391676672e-02 2.080783353733170124e-02
9.348093480934809019e-02 1.845018450184501835e-01 0.000000000000000000e+00 0.000000000000000000e+00 0.000000000000000000e+00 0.000000000000000000e+00 0.000000000000000000e+00 0.000000000000000000e+00 3.567035670356703825e-02 1.377613776137761314e-01 1.217712177121771239e-01 2.054120541205411987e-01 0.000000000000000000e+00 1.180811808118081147e-01 5.904059040590405733e-02 4.428044280442804126e-02
1.801801801801801786e-02 2.552552552552552617e-02 0.000000000000000000e+00 0.000000000000000000e+00 0.000000000000000000e+00 0.000000000000000000e+00 0.000000000000000000e+00 0.000000000000000000e+00 4.504504504504504465e-03 1.051051051051051129e-02 4.504504504504504465e-03 0.000000000000000000e+00 0.000000000000000000e+00 8.693693693693693714e-01 5.405405405405405705e-02 1.351351351351351426e-02
1.408711770157553278e-01 1.232622798887859084e-01 0.000000000000000000e+00 0.000000000000000000e+00 0.000000000000000000e+00 0.000000000000000000e+00 0.000000000000000000e+00 0.000000000000000000e+00 1.844300278035217733e-01 1.177015755329008373e-01 1.297497683039851579e-01 0.000000000000000000e+00 0.000000000000000000e+00 0.000000000000000000e+00 1.464318813716403989e-01 1.575532900834105687e-01
1.432664756446991360e-03 8.424068767908309274e-01 0.000000000000000000e+00 0.000000000000000000e+00 0.000000000000000000e+00 0.000000000000000000e+00 0.000000000000000000e+00 0.000000000000000000e+00 0.000000000000000000e+00 1.002865329512894060e-02 1.346704871060172004e-01 0.000000000000000000e+00 0.000000000000000000e+00 0.000000000000000000e+00 4.297994269340974297e-03 7.163323782234957450e-03
1.812327506899724106e-01 0.000000000000000000e+00 0.000000000000000000e+00 0.000000000000000000e+00 0.000000000000000000e+00 0.000000000000000000e+00 0.000000000000000000e+00 0.000000000000000000e+00 0.000000000000000000e+00 2.125114995400184115e-01 2.125114995400184115e-01 0.000000000000000000e+00 0.000000000000000000e+00 0.000000000000000000e+00 1.812327506899724106e-01 2.125114995400184115e-01
4.109589041095890009e-03 0.000000000000000000e+00 0.000000000000000000e+00 0.000000000000000000e+00 0.000000000000000000e+00 0.000000000000000000e+00 0.000000000000000000e+00 0.000000000000000000e+00 0.000000000000000000e+00 0.000000000000000000e+00 9.931506849315068219e-01 0.000000000000000000e+00 0.000000000000000000e+00 0.000000000000000000e+00 1.369863013698630148e-03 1.369863013698630148e-03
3.607214428857715566e-02 2.805611222444889807e-02 3.206412825651302340e-02 6.012024048096192320e-03 4.609218436873747243e-02 3.587174348697395043e-01 7.414829659318637745e-02 9.218436873747494487e-02 2.404809619238476928e-02 3.206412825651302340e-02 4.008016032064128098e-02 2.004008016032064049e-02 4.408817635270541324e-02 2.404809619238476928e-02 2.805611222444889807e-02 1.142284569138276584e-01
5.899705014749262455e-03 5.899705014749262455e-03 1.622418879056047175e-02 1.091445427728613554e-01 1.238938053097345116e-01 0.000000000000000000e+00 2.064896755162241859e-01 2.949852507374631227e-02 1.061946902654867242e-01 5.899705014749262455e-03 2.654867256637168105e-02 1.061946902654867242e-01 7.079646017699114946e-02 6.194690265486725578e-02 8.259587020648967437e-02 4.277286135693215280e-02
3.129890453834115877e-03 7.824726134585289691e-03 7.824726134585290038e-02 1.392801251956181652e-01 3.129890453834115877e-03 0.000000000000000000e+00 0.000000000000000000e+00 4.225352112676056260e-02 3.129890453834115877e-03 4.898278560250391434e-01 6.103286384976525786e-02 5.164319248826291370e-02 7.824726134585289691e-03 6.103286384976525786e-02 4.381846635367762227e-02 7.824726134585289691e-03
1.970443349753694603e-02 2.869458128078817838e-01 1.748768472906404026e-01 8.251231527093595697e-02 1.600985221674876974e-02 0.000000000000000000e+00 0.000000000000000000e+00 1.600985221674876974e-02 2.463054187192118341e-02 0.000000000000000000e+00 1.970443349753694603e-02 4.310344827586207184e-02 9.975369458128079125e-02 1.059113300492610793e-01 2.463054187192118341e-02 8.620689655172414367e-02
5.464480874316939886e-03 0.000000000000000000e+00 7.964480874316940406e-01 8.196721311475410263e-03 3.961748633879781656e-02 0.000000000000000000e+00 0.000000000000000000e+00 1.775956284153005355e-02 1.366120218579234971e-03 0.000000000000000000e+00 6.010928961748633614e-02 1.366120218579234971e-03 1.366120218579234971e-03 5.191256830601093109e-02 1.366120218579234971e-03 1.502732240437158404e-02
7.024029574861367919e-02 0.000000000000000000e+00 0.000000000000000000e+00 6.377079482439926283e-02 7.670979667282809555e-02 0.000000000000000000e+00 0.000000000000000000e+00 9.334565619223660071e-02 3.789279112754159046e-02 0.000000000000000000e+00 1.044362292051756042e-01 8.225508317929759727e-02 1.044362292051756042e-01 1.580406654343807782e-01 1.099815157116451059e-01 9.889094269870610243e-02
1.636904761904761987e-02 0.000000000000000000e+00 0.000000000000000000e+00 1.785714285714285615e-02 1.190476190476190410e-02 0.000000000000000000e+00 0.000000000000000000e+00 1.488095238095238013e-03 8.928571428571428076e-03 0.000000000000000000e+00 2.232142857142857192e-02 1.636904761904761987e-02 8.541666666666666297e-01 0.000000000000000000e+00 3.869047619047619180e-02 1.190476190476190410e-02
6.012024048096192320e-03 8.016032064128256196e-02 1.122244488977955923e-01 1.422845691382765565e-01 6.613226452905811292e-02 5.410821643286573002e-02 5.410821643286573002e-02 6.012024048096192320e-03 1.883767535070140220e-01 3.006012024048096073e-02 6.012024048096192320e-03 9.418837675350701100e-02 4.208416833667334711e-02 3.807615230460922179e-02 2.204408817635270662e-02 5.811623246492986228e-02
5.059021922428330251e-03 2.023608768971332100e-02 2.023608768971332100e-02 7.757166947723440065e-02 1.989881956155143405e-01 1.753794266441821292e-01 1.264755480607082649e-01 5.059021922428330251e-03 0.000000000000000000e+00 1.062394603709949370e-01 4.553119730185497399e-02 5.059021922428330251e-03 1.062394603709949370e-01 3.035413153456998150e-02 5.733558178752107964e-02 2.023608768971332100e-02
5.186385737439221794e-02 1.215559157212317692e-01 2.755267423014586686e-02 2.106969205834683875e-02 0.000000000000000000e+00 3.095623987034035740e-01 4.862236628849271082e-03 2.431118314424635454e-02 0.000000000000000000e+00 1.037277147487844359e-01 4.862236628849271082e-03 4.862236628849271082e-03 1.993517017828201066e-01 2.106969205834683875e-02 1.004862236628849270e-01 4.862236628849271082e-03
1.014492753623188331e-02 1.449275362318840597e-02 1.739130434782608717e-02 8.115942028985506651e-02 0.000000000000000000e+00 0.000000000000000000e+00 1.347826086956521729e-01 3.333333333333333287e-02 0.000000000000000000e+00 1.449275362318840597e-02 1.739130434782608717e-02 1.739130434782608717e-02 6.072463768115942129e-01 2.753623188405797048e-02 1.014492753623188331e-02 1.449275362318840597e-02
2.069716775599128589e-02 8.605664488017429614e-02 2.941176470588235253e-02 6.753812636165577865e-02 0.000000000000000000e+00 0.000000000000000000e+00 1.753812636165577310e-01 2.614379084967320341e-02 0.000000000000000000e+00 8.823529411764706454e-02 1.699346405228758239e-01 1.851851851851851749e-02 0.000000000000000000e+00 2.167755991285403028e-01 8.061002178649237515e-02 2.069716775599128589e-02
1.002865329512894060e-02 2.005730659025788121e-02 2.005730659025788121e-02 2.005730659025788121e-02 0.000000000000000000e+00 0.000000000000000000e+00 2.005730659025788121e-02 2.865329512893982720e-03 0.000000000000000000e+00 7.406876790830945190e-01 1.045845272206303717e-01 2.578796561604584578e-02 0.000000000000000000e+00 0.000000000000000000e+00 1.575931232091690518e-02 2.005730659025788121e-02
6.003937007874015491e-02 1.122047244094488139e-01 3.248031496062991907e-02 1.299212598425196763e-01 0.000000000000000000e+00 0.000000000000000000e+00 9.842519685039370636e-02 1.328740157480315098e-01 0.000000000000000000e+00 0.000000000000000000e+00 1.564960629921259838e-01 1.456692913385826682e-01 0.000000000000000000e+00 0.000000000000000000e+00 4.035433070866141503e-02 9.153543307086614567e-02
1.519756838905775070e-03 1.215805471124620056e-02 6.079027355623100280e-03 1.519756838905775070e-03 0.000000000000000000e+00 0.000000000000000000e+00 9.620060790273555762e-01 1.215805471124620056e-02 0.000000000000000000e+00 0.000000000000000000e+00 0.000000000000000000e+00 1.519756838905775070e-03 0.000000000000000000e+00 0.000000000000000000e+00 1.519756838905775070e-03 1.519756838905775070e-03
1.325088339222614819e-01 1.104240282685512303e-01 1.174911660777385181e-01 1.395759717314487558e-01 0.000000000000000000e+00 0.000000000000000000e+00 0.000000000000000000e+00 1.395759717314487558e-01 0.000000000000000000e+00 0.000000000000000000e+00 0.000000000000000000e+00 1.325088339222614819e-01 0.000000000000000000e+00 0.000000000000000000e+00 1.104240282685512303e-01 1.174911660777385181e-01
9.132420091324200406e-03 1.522070015220700068e-03 9.132420091324200406e-03 0.000000000000000000e+00 0.000000000000000000e+00 0.000000000000000000e+00 0.000000000000000000e+00 9.573820395738203981e-01 0.000000000000000000e+00 0.000000000000000000e+00 0.000000000000000000e+00 1.065449010654490047e-02 0.000000000000000000e+00 0.000000000000000000e+00 1.065449010654490047e-02 1.522070015220700068e-03
5.811623246492986228e-02 5.811623246492986228e-02 5.811623246492986228e-02 4.008016032064128098e-02 6.012024048096192320e-03 1.683366733466933884e-01 6.813627254509017905e-02 6.012024048096192320e-03 1.523046092184368872e-01 1.122244488977955923e-01 2.004008016032064049e-02 1.603206412825651170e-02 1.723446893787575207e-01 2.404809619238476928e-02 2.404809619238476928e-02 1.603206412825651170e-02
5.128205128205128201e-03 3.418803418803419147e-02 5.128205128205128201e-03 1.692307692307692402e-01 1.538461538461538547e-02 3.418803418803419147e-02 4.735042735042734874e-01 1.025641025641025640e-02 3.760683760683760507e-02 1.401709401709401726e-01 5.128205128205128201e-03 3.418803418803419147e-02 0.000000000000000000e+00 1.538461538461538547e-02 1.538461538461538547e-02 5.128205128205128201e-03
3.865979381443299112e-03 6.701030927835051332e-02 7.860824742268041065e-02 3.350515463917525666e-02 1.198453608247422725e-01 2.577319587628865843e-02 0.000000000000000000e+00 1.159793814432989734e-02 5.657216494845360710e-01 3.865979381443299112e-03 2.835051546391752567e-02 7.731958762886598224e-03 0.000000000000000000e+00 1.417525773195876283e-02 2.577319587628865843e-02 1.417525773195876283e-02
5.223880597014925187e-02 3.795309168443496972e-01 5.223880597014925187e-02 4.371002132196161877e-02 1.588486140724946760e-01 7.782515991471215810e-02 0.000000000000000000e+00 7.142857142857142461e-02 0.000000000000000000e+00 1.599147121535181293e-02 5.863539445628997843e-02 2.238805970149253602e-02 0.000000000000000000e+00 2.238805970149253602e-02 2.238805970149253602e-02 2.238805970149253602e-02
7.719298245614035492e-02 0.000000000000000000e+00 2.070175438596491280e-01 4.222222222222222210e-01 4.093567251461988077e-02 6.198830409356725218e-02 0.000000000000000000e+00 3.508771929824561469e-03 0.000000000000000000e+00 1.637426900584795439e-02 5.263157894736841813e-02 3.508771929824561469e-03 0.000000000000000000e+00 6.081871345029239706e-02 3.742690058479532234e-02 1.637426900584795439e-02
3.953488372093023201e-02 0.000000000000000000e+00 5.581395348837209225e-02 0.000000000000000000e+00 1.244186046511627924e-01 1.116279069767441845e-01 0.000000000000000000e+00 6.395348837209302584e-02 0.000000000000000000e+00 7.790697674418604890e-02 3.279069767441860628e-01 6.976744186046511531e-02 0.000000000000000000e+00 2.093023255813953459e-02 8.023255813953487914e-02 2.790697674418604612e-02
1.074168797953964222e-01 0.000000000000000000e+00 7.161125319693094349e-02 0.000000000000000000e+00 4.347826086956521618e-02 5.242966751918158586e-02 0.000000000000000000e+00 8.823529411764706454e-02 0.000000000000000000e+00 1.534526854219948888e-02 0.000000000000000000e+00 2.378516624040920846e-01 0.000000000000000000e+00 4.987212276214833540e-02 2.212276214833759636e-01 1.125319693094629092e-01
3.065693430656934310e-02 0.000000000000000000e+00 4.671532846715328174e-02 0.000000000000000000e+00 2.919708029197080109e-03 2.335766423357664087e-02 0.000000000000000000e+00 8.525547445255474699e-01 0.000000000000000000e+00 2.919708029197080109e-03 0.000000000000000000e+00 0.000000000000000000e+00 0.000000000000000000e+00 2.919708029197080109e-03 2.773722627737226429e-02 1.021897810218978103e-02
1.421975992613111750e-01 0.000000000000000000e+00 1.329639889196675973e-01 0.000000000000000000e+00 1.320406278855032201e-01 7.017543859649122417e-02 0.000000000000000000e+00 0.000000000000000000e+00 0.000000000000000000e+00 9.695290858725762184e-02 0.000000000000000000e+00 0.000000000000000000e+00 0.000000000000000000e+00 1.948291782086795931e-01 6.463527239150507198e-02 1.662049861495844827e-01
4.225352112676055913e-03 0.000000000000000000e+00 1.408450704225352188e-03 0.000000000000000000e+00 8.309859154929577496e-02 8.957746478873239715e-01 0.000000000000000000e+00 0.000000000000000000e+00 0.000000000000000000e+00 4.225352112676055913e-03 0.000000000000000000e+00 0.000000000000000000e+00 0.000000000000000000e+00 0.000000000000000000e+00 4.225352112676055913e-03 7.042253521126760722e-03
1.850220264317180563e-01 0.000000000000000000e+00 1.850220264317180563e-01 0.000000000000000000e+00 1.612334801762114467e-01 0.000000000000000000e+00 0.000000000000000000e+00 0.000000000000000000e+00 0.000000000000000000e+00 1.973568281938326008e-01 0.000000000000000000e+00 0.000000000000000000e+00 0.000000000000000000e+00 0.000000000000000000e+00 1.356828193832599061e-01 1.356828193832599061e-01
3.296853625170998447e-01 0.000000000000000000e+00 8.207934336525307684e-02 0.000000000000000000e+00 3.283173734610123073e-01 0.000000000000000000e+00 0.000000000000000000e+00 0.000000000000000000e+00 0.000000000000000000e+00 0.000000000000000000e+00 0.000000000000000000e+00 0.000000000000000000e+00 0.000000000000000000e+00 0.000000000000000000e+00 1.696306429548563588e-01 9.028727770177838452e-02
1.603206412825651170e-02 1.042084168336673278e-01 1.603206412825651170e-02 1.603206412825651239e-01 3.206412825651302340e-02 1.763527054108216530e-01 6.012024048096192320e-03 9.819639278557114326e-02 6.012024048096192320e-03 8.817635270541082648e-02 1.543086172344689255e-01 4.008016032064128098e-02 2.805611222444889807e-02 6.012024048096192320e-03 3.607214428857715566e-02 3.206412825651302340e-02
8.347529812606473143e-02 4.770017035775128006e-02 3.066439522998296377e-02 1.856899488926746222e-01 4.429301533219761472e-02 0.000000000000000000e+00 7.836456558773424730e-02 6.814310051107325475e-03 3.407155025553662564e-02 6.814310051107325128e-02 1.328790459965928372e-01 1.533219761499148188e-02 1.550255536626916619e-01 8.006814310051107997e-02 3.066439522998296377e-02 6.814310051107325475e-03
9.046052631578947734e-02 2.335526315789473728e-01 2.960526315789473520e-02 0.000000000000000000e+00 1.644736842105263067e-02 0.000000000000000000e+00 2.631578947368420907e-02 7.236842105263158187e-02 4.934210526315789200e-03 1.595394736842105365e-01 1.973684210526315680e-02 3.618421052631579093e-02 1.430921052631578816e-01 2.960526315789473520e-02 1.332236842105263275e-01 4.934210526315789200e-03
2.964118564742589806e-02 0.000000000000000000e+00 2.340093603744149847e-02 0.000000000000000000e+00 3.588143525741029766e-02 0.000000000000000000e+00 1.872074882995319878e-02 3.900156006240249745e-02 6.240249609984399592e-03 2.589703588143525970e-01 4.212168486739469725e-02 7.644305772230888807e-02 3.369734789391575780e-01 7.644305772230888807e-02 2.652106084243369827e-02 2.964118564742589806e-02
1.258741258741258827e-02 0.000000000000000000e+00 2.657342657342657427e-02 0.000000000000000000e+00 2.237762237762237760e-02 0.000000000000000000e+00 3.776223776223776307e-02 9.790209790209790375e-02 1.958041958041958214e-02 2.993006993006993022e-01 1.090909090909090856e-01 1.258741258741258827e-02 0.000000000000000000e+00 1.440559440559440463e-01 1.832167832167832244e-01 3.496503496503496761e-02
2.521008403361344602e-02 0.000000000000000000e+00 2.801120448179271732e-03 0.000000000000000000e+00 1.120448179271708693e-02 0.000000000000000000e+00 2.801120448179271732e-03 1.960784313725490169e-02 2.801120448179271819e-02 0.000000000000000000e+00 2.801120448179271819e-02 8.403361344537814762e-03 0.000000000000000000e+00 8.459383753501400482e-01 1.680672268907562952e-02 1.120448179271708693e-02
6.346328195829556429e-02 0.000000000000000000e+00 5.167724388032638588e-02 0.000000000000000000e+00 8.431550317316409415e-02 0.000000000000000000e+00 7.706255666364460188e-02 2.048957388939256496e-01 7.343608340888485575e-02 0.000000000000000000e+00 1.767905711695376136e-01 3.263825929283771521e-02 0.000000000000000000e+00 0.000000000000000000e+00 1.078875793291024510e-01 1.278331822302810616e-01
1.377410468319559267e-03 0.000000000000000000e+00 1.377410468319559267e-03 0.000000000000000000e+00 1.239669421487603340e-02 0.000000000000000000e+00 3.994490358126721874e-02 0.000000000000000000e+00 4.958677685950413361e-02 0.000000000000000000e+00 8.112947658402204221e-01 1.515151515151515194e-02 0.000000000000000000e+00 0.000000000000000000e+00 5.785123966942148921e-02 1.101928374655647414e-02
1.351102941176470507e-01 0.000000000000000000e+00 1.102941176470588203e-01 0.000000000000000000e+00 1.185661764705882304e-01 0.000000000000000000e+00 1.810661764705882304e-01 0.000000000000000000e+00 8.455882352941176960e-02 0.000000000000000000e+00 0.000000000000000000e+00 1.580882352941176405e-01 0.000000000000000000e+00 0.000000000000000000e+00 9.375000000000000000e-02 1.185661764705882304e-01
1.005747126436781595e-02 0.000000000000000000e+00 7.183908045977011395e-03 0.000000000000000000e+00 1.005747126436781595e-02 0.000000000000000000e+00 0.000000000000000000e+00 0.000000000000000000e+00 1.005747126436781595e-02 0.000000000000000000e+00 0.000000000000000000e+00 9.482758620689655249e-01 0.000000000000000000e+00 0.000000000000000000e+00 1.436781609195402279e-03 1.293103448275862051e-02
4.609218436873747243e-02 3.006012024048096073e-02 2.605210420841683194e-02 8.817635270541082648e-02 2.605210420841683194e-02 2.364729458917835536e-01 1.142284569138276584e-01 8.817635270541082648e-02 4.809619238476953856e-02 6.012024048096192320e-03 1.062124248496993939e-01 3.006012024048096073e-02 3.807615230460922179e-02 3.406813627254508953e-02 3.006012024048096073e-02 5.210420841683366389e-02
4.862236628849271082e-03 9.724473257698542164e-03 4.376012965964343887e-02 4.376012965964343887e-02 7.779578606158833731e-02 0.000000000000000000e+00 7.455429497568881458e-02 4.862236628849271082e-03 2.917341977309562476e-02 4.764991896272285365e-01 4.213938411669367751e-02 5.348460291734197930e-02 4.700162074554294772e-02 2.593192868719610897e-02 4.862236628849271082e-03 6.158833063209075837e-02
2.522068095838587640e-02 2.269861286254729049e-02 1.639344262295082053e-02 3.152585119798234636e-02 6.809583858764187148e-02 0.000000000000000000e+00 2.900378310214375699e-02 8.575031525851198322e-02 1.601513240857503073e-01 0.000000000000000000e+00 1.891551071878940782e-01 1.639344262295082053e-02 2.522068095838587709e-01 1.639344262295082053e-02 5.044136191677175279e-02 3.656998738965951817e-02
7.153075822603719575e-03 1.430615164520743915e-02 1.001430615164520740e-02 2.288984263233190264e-02 2.432045779685264655e-02 0.000000000000000000e+00 1.430615164520743915e-02 2.861230329041487830e-03 8.226037195994277962e-01 0.000000000000000000e+00 7.153075822603719575e-03 2.145922746781115872e-02 0.000000000000000000e+00 2.861230329041487830e-03 1.430615164520743915e-02 3.576537911301860134e-02
3.817504655493482446e-02 1.061452513966480438e-01 8.007448789571694481e-02 8.007448789571694481e-02 3.817504655493482446e-02 0.000000000000000000e+00 9.683426443202979017e-02 9.962756052141527596e-02 0.000000000000000000e+00 0.000000000000000000e+00 2.299813780260707707e-01 3.072625698324022228e-02 0.000000000000000000e+00 5.307262569832402188e-02 9.031657355679702237e-02 5.679702048417132471e-02
1.340482573726541581e-03 1.608579088471849897e-02 1.072386058981233264e-02 9.383378016085790196e-03 2.144772117962466529e-02 0.000000000000000000e+00 8.806970509383378332e-01 1.340482573726541581e-03 0.000000000000000000e+00 0.000000000000000000e+00 0.000000000000000000e+00 1.340482573726541581e-03 0.000000000000000000e+00 1.474530831099195652e-02 1.608579088471849897e-02 2.680965147453083161e-02
7.698961937716262971e-02 9.515570934256055435e-02 1.012110726643598579e-01 1.358131487889273348e-01 5.709342560553633261e-02 0.000000000000000000e+00 0.000000000000000000e+00 1.297577854671280173e-01 0.000000000000000000e+00 0.000000000000000000e+00 0.000000000000000000e+00 7.698961937716262971e-02 0.000000000000000000e+00 1.072664359861591754e-01 1.124567474048442928e-01 1.072664359861591754e-01
4.566210045662100203e-03 1.065449010654490047e-02 1.522070015220700068e-03 0.000000000000000000e+00 1.674277016742770074e-02 0.000000000000000000e+00 0.000000000000000000e+00 8.949771689497716398e-01 0.000000000000000000e+00 0.000000000000000000e+00 0.000000000000000000e+00 2.130898021308980095e-02 0.000000000000000000e+00 3.196347031963470142e-02 1.674277016742770074e-02 1.522070015220700068e-03
1.002004008016032024e-02 6.012024048096192320e-03 4.008016032064127925e-03 6.412825651302604679e-02 8.416833667334669422e-02 4.008016032064127925e-03 1.743486973947895868e-01 6.813627254509017905e-02 8.216432865731462809e-02 4.408817635270541324e-02 2.605210420841683194e-02 2.605210420841683194e-02 2.384769539078156197e-01 2.605210420841683194e-02 1.382765531062124242e-01 4.008016032064127925e-03
4.854368932038834530e-03 5.663430420711974139e-02 4.045307443365695615e-02 6.796116504854368690e-02 2.394822006472491771e-01 3.236245954692556354e-02 9.708737864077669755e-02 5.987055016181229428e-02 1.148867313915857558e-01 1.877022653721682754e-01 3.883495145631067624e-02 3.559870550161812336e-02 0.000000000000000000e+00 4.854368932038834530e-03 1.456310679611650533e-02 4.854368932038834530e-03
2.936630602782070928e-02 1.174652241112828371e-01 1.808346213292117421e-01 4.636785162287480368e-03 0.000000000000000000e+00 3.848531684698608957e-01 1.854714064914992147e-02 2.472952086553322978e-02 8.655332302936630251e-02 2.472952086553322978e-02 9.273570324574960735e-03 7.109737248840804213e-02 0.000000000000000000e+00 2.472952086553322978e-02 1.854714064914992147e-02 4.636785162287480368e-03
2.540106951871657845e-02 1.390374331550802145e-01 3.061497326203208580e-01 8.689839572192513406e-02 0.000000000000000000e+00 0.000000000000000000e+00 2.540106951871657845e-02 8.021390374331550943e-02 6.550802139037432970e-02 5.748663101604278153e-02 9.759358288770053624e-02 2.540106951871657845e-02 0.000000000000000000e+00 4.946524064171123336e-02 1.604278074866310327e-02 2.540106951871657845e-02
1.923076923076923184e-02 8.049450549450549719e-01 0.000000000000000000e+00 5.631868131868131983e-02 0.000000000000000000e+00 0.000000000000000000e+00 1.373626373626373734e-03 1.373626373626373734e-03 1.373626373626373734e-03 8.241758241758241968e-03 8.241758241758241968e-03 1.098901098901098987e-02 0.000000000000000000e+00 6.043956043956043994e-02 2.609890109890109985e-02 1.373626373626373734e-03
5.437788018433179632e-02 0.000000000000000000e+00 0.000000000000000000e+00 9.861751152073733317e-02 0.000000000000000000e+00 0.000000000000000000e+00 7.741935483870968082e-02 1.087557603686635926e-01 1.244239631336405555e-01 1.290322580645161255e-01 9.861751152073733317e-02 7.834101382488478649e-02 0.000000000000000000e+00 7.096774193548387177e-02 7.741935483870968082e-02 8.202764976958525078e-02
9.389671361502347630e-03 0.000000000000000000e+00 0.000000000000000000e+00 4.694835680751173815e-03 0.000000000000000000e+00 0.000000000000000000e+00 2.190923317683881114e-02 2.816901408450704289e-02 8.935837245696400810e-01 0.000000000000000000e+00 9.389671361502347630e-03 1.877934272300469526e-02 0.000000000000000000e+00 1.095461658841940557e-02 1.564945226917057938e-03 1.564945226917057938e-03
3.206412825651302340e-02 6.012024048096192320e-03 4.809619238476953856e-02 7.214428857715431131e-02 2.004008016032064049e-02 1.042084168336673278e-01 1.482965931863727549e-01 6.212424849699398760e-02 6.012024048096192320e-03 1.302605210420841597e-01 1.142284569138276584e-01 4.809619238476953856e-02 6.012024048096192320e-03 1.342685370741482920e-01 4.008016032064128098e-02 2.805611222444889807e-02
1.570680628272251231e-02 3.664921465968586090e-02 1.832460732984293184e-01 7.853403141361256501e-02 1.047120418848167603e-02 5.235602094240838014e-03 0.000000000000000000e+00 2.268760907504362850e-02 2.268760907504362850e-02 5.235602094240838014e-03 3.507853403141361071e-01 2.268760907504362850e-02 1.343804537521814946e-01 5.933682373472949634e-02 2.966841186736474817e-02 2.268760907504362850e-02
2.000000000000000042e-02 2.571428571428571383e-02 2.285714285714285712e-02 5.142857142857142766e-02 6.285714285714286143e-02 5.428571428571428437e-02 0.000000000000000000e+00 4.142857142857142572e-02 5.142857142857142766e-02 2.971428571428571530e-01 0.000000000000000000e+00 3.571428571428571230e-02 1.942857142857142838e-01 6.285714285714286143e-02 5.428571428571428437e-02 2.571428571428571383e-02
1.980198019801980222e-02 4.526166902404526321e-02 3.196605374823196510e-01 1.357850070721357827e-01 2.404526166902404630e-02 6.364922206506365421e-02 0.000000000000000000e+00 5.799151343705798850e-02 2.828854314002828690e-02 0.000000000000000000e+00 0.000000000000000000e+00 7.072135785007071726e-03 1.004243281471004223e-01 1.272984441301273084e-01 1.980198019801980222e-02 5.091937765205092198e-02
3.448275862068965469e-02 2.758620689655172202e-03 0.000000000000000000e+00 6.372413793103448576e-01 3.862068965517241603e-02 8.551724137931034087e-02 0.000000000000000000e+00 1.241379310344827534e-02 3.172413793103448509e-02 0.000000000000000000e+00 0.000000000000000000e+00 1.241379310344827534e-02 2.758620689655172202e-03 1.186206896551724177e-01 2.758620689655172202e-03 2.068965517241379282e-02
5.619146722164412161e-02 7.492195629552549085e-02 0.000000000000000000e+00 0.000000000000000000e+00 1.186264308012486973e-01 8.116545265348595883e-02 0.000000000000000000e+00 1.207075962539021913e-01 1.092611862643080162e-01 0.000000000000000000e+00 0.000000000000000000e+00 8.116545265348595883e-02 9.781477627471384106e-02 9.261186264308012006e-02 8.636836628511966596e-02 8.116545265348595883e-02
1.300813008130081300e-02 2.764227642276422675e-02 0.000000000000000000e+00 0.000000000000000000e+00 6.504065040650406498e-03 2.601626016260162599e-02 0.000000000000000000e+00 0.000000000000000000e+00 2.764227642276422675e-02 0.000000000000000000e+00 0.000000000000000000e+00 2.276422764227642448e-02 4.308943089430894435e-01 4.292682926829268220e-01 1.626016260162601625e-03 1.463414634146341549e-02
1.202404809619238464e-02 6.012024048096192320e-03 4.208416833667334711e-02 3.607214428857715566e-02 2.404809619238476928e-02 4.208416833667334711e-02 1.182364729458917768e-01 1.102204408817635262e-01 2.004008016032064049e-02 1.122244488977955923e-01 6.012024048096192147e-02 1.402805611222444904e-01 8.216432865731462809e-02 1.002004008016032094e-01 5.210420841683366389e-02 4.208416833667334711e-02
4.042179261862917372e-02 8.963093145869947820e-02 5.272407732864674984e-03 5.272407732864674984e-03 6.502636203866432596e-02 1.124780316344463904e-01 5.623901581722319520e-02 2.179261862917399040e-01 5.272407732864674984e-03 6.502636203866432596e-02 9.138840070298770435e-02 0.000000000000000000e+00 1.282952548330404119e-01 5.272407732864674984e-03 1.072056239015817258e-01 5.272407732864674984e-03
3.210272873194221221e-02 1.926163723916532802e-02 1.444622792937399688e-02 8.025682182985553748e-02 3.210272873194221221e-02 6.581059390048153712e-02 1.444622792937399758e-01 0.000000000000000000e+00 9.630818619582664011e-03 4.012841091492777013e-01 2.889245585874799377e-02 0.000000000000000000e+00 2.889245585874799377e-02 1.059390048154093128e-01 3.210272873194221221e-02 4.815409309791332006e-03
9.345794392523363789e-03 5.340453938584779556e-03 9.746328437917223253e-02 9.479305740987983842e-02 3.738317757009345516e-02 1.441922563417890601e-01 2.710280373831775447e-01 0.000000000000000000e+00 3.738317757009345516e-02 0.000000000000000000e+00 4.539385847797063056e-02 0.000000000000000000e+00 1.121495327102803724e-01 2.269692923898531528e-02 4.272363150867823645e-02 8.010680907877169854e-02
1.424501424501424529e-02 5.128205128205128027e-02 4.273504273504273934e-03 1.709401709401709574e-02 1.994301994301994271e-02 7.037037037037037202e-01 0.000000000000000000e+00 0.000000000000000000e+00 2.564102564102564014e-02 0.000000000000000000e+00 1.424501424501424529e-02 0.000000000000000000e+00 1.994301994301994271e-02 1.068376068376068327e-01 1.139601139601139658e-02 1.139601139601139658e-02
1.913393756294058320e-02 1.349446122860020192e-01 9.869083585095669853e-02 5.135951661631420195e-02 1.198388721047331379e-01 0.000000000000000000e+00 0.000000000000000000e+00 0.000000000000000000e+00 1.007049345417925477e-02 0.000000000000000000e+00 6.445115810674723056e-02 0.000000000000000000e+00 9.869083585095669853e-02 2.578046324269889222e-01 7.049345417925478863e-02 7.452165156092648013e-02
1.059602649006622516e-02 2.649006622516556289e-03 1.721854304635761501e-02 1.324503311258278145e-02 5.298013245033112578e-03 0.000000000000000000e+00 0.000000000000000000e+00 0.000000000000000000e+00 2.649006622516556289e-03 0.000000000000000000e+00 5.298013245033112578e-02 0.000000000000000000e+00 7.973509933774834968e-01 0.000000000000000000e+00 3.708609271523179152e-02 6.092715231788079638e-02
1.117166212534059927e-01 1.571298819255222412e-01 1.344232515894641100e-01 8.719346049046321212e-02 1.117166212534059927e-01 0.000000000000000000e+00 0.000000000000000000e+00 0.000000000000000000e+00 1.271571298819255125e-01 0.000000000000000000e+00 9.627611262488647292e-02 0.000000000000000000e+00 0.000000000000000000e+00 0.000000000000000000e+00 9.536784741144414823e-02 7.901907356948228989e-02
1.607142857142857262e-01 0.000000000000000000e+00 7.306547619047618625e-01 1.488095238095238013e-03 8.630952380952380820e-02 0.000000000000000000e+00 0.000000000000000000e+00 0.000000000000000000e+00 8.928571428571428076e-03 0.000000000000000000e+00 8.928571428571428076e-03 0.000000000000000000e+00 0.000000000000000000e+00 0.000000000000000000e+00 1.488095238095238013e-03 1.488095238095238013e-03
3.807615230460922179e-02 4.408817635270541324e-02 1.402805611222444904e-02 2.404809619238476928e-02 8.416833667334669422e-02 2.224448897795591185e-01 4.008016032064127925e-03 7.214428857715431131e-02 2.404809619238476928e-02 1.002004008016032024e-02 1.062124248496993939e-01 1.002004008016032024e-02 1.002004008016032024e-02 7.214428857715431131e-02 2.344689378757515152e-01 3.006012024048096073e-02
1.948051948051948007e-02 4.058441558441558406e-02 1.948051948051948007e-02 1.022727272727272790e-01 3.246753246753246447e-02 1.639610389610389740e-01 1.948051948051948007e-02 2.662337662337662114e-01 2.922077922077922010e-02 3.571428571428571230e-02 2.272727272727272790e-02 7.142857142857142461e-02 1.250000000000000000e-01 2.597402597402597574e-02 0.000000000000000000e+00 2.597402597402597574e-02
6.485671191553545045e-02 3.318250377073906493e-02 3.016591251885369571e-02 3.016591251885369571e-02 1.010558069381598811e-01 6.033182503770739315e-03 1.568627450980392135e-01 0.000000000000000000e+00 1.734539969834087425e-01 1.794871794871794879e-01 8.295625942684765886e-02 7.692307692307692735e-02 2.714932126696832648e-02 2.262443438914027091e-02 0.000000000000000000e+00 1.508295625942684785e-02
8.737864077669903196e-02 6.472491909385113575e-03 1.165048543689320426e-01 2.588996763754045430e-02 4.692556634304206886e-02 3.122977346278317246e-01 8.414239482200647213e-02 0.000000000000000000e+00 2.588996763754045430e-02 0.000000000000000000e+00 4.692556634304206886e-02 2.103559870550161803e-02 1.391585760517799475e-01 4.368932038834951598e-02 0.000000000000000000e+00 4.368932038834951598e-02
1.867816091954023136e-02 2.442528735632184048e-02 1.293103448275862051e-02 1.580459770114942680e-02 1.580459770114942680e-02 0.000000000000000000e+00 8.304597701149425415e-01 0.000000000000000000e+00 2.873563218390804558e-03 0.000000000000000000e+00 1.005747126436781595e-02 1.580459770114942680e-02 1.293103448275862051e-02 1.867816091954023136e-02 0.000000000000000000e+00 2.155172413793103592e-02
4.823747680890538153e-02 6.029684601113172865e-02 1.539888682745825521e-01 1.521335807050092637e-01 7.421150278293135727e-02 0.000000000000000000e+00 0.000000000000000000e+00 0.000000000000000000e+00 7.977736549165120872e-02 0.000000000000000000e+00 2.226345083487940579e-02 1.391465677179962862e-02 1.243042671614100203e-01 1.168831168831168804e-01 0.000000000000000000e+00 1.539888682745825521e-01
9.022556390977444149e-03 1.503759398496240692e-03 0.000000000000000000e+00 9.022556390977443108e-01 1.503759398496240692e-03 0.000000000000000000e+00 0.000000000000000000e+00 0.000000000000000000e+00 1.052631578947368397e-02 0.000000000000000000e+00 1.503759398496240692e-03 9.022556390977444149e-03 5.263157894736841813e-02 1.052631578947368397e-02 0.000000000000000000e+00 1.503759398496240692e-03
9.165154264972777409e-02 1.215970961887477275e-01 0.000000000000000000e+00 0.000000000000000000e+00 1.143375680580762249e-01 0.000000000000000000e+00 0.000000000000000000e+00 0.000000000000000000e+00 9.800362976406533366e-02 0.000000000000000000e+00 1.451905626134301353e-01 7.168784029038112460e-02 1.297640653357531870e-01 1.297640653357531870e-01 0.000000000000000000e+00 9.800362976406533366e-02
1.820940819423368801e-02 1.972685887708649360e-02 0.000000000000000000e+00 0.000000000000000000e+00 1.517450682852807334e-03 0.000000000000000000e+00 0.000000000000000000e+00 0.000000000000000000e+00 1.517450682852807334e-03 0.000000000000000000e+00 0.000000000000000000e+00 1.972685887708649360e-02 4.628224582701062073e-01 4.628224582701062073e-01 0.000000000000000000e+00 1.365705614567526600e-02
1.603206412825651170e-02 8.416833667334669422e-02 6.012024048096192320e-03 6.012024048096192320e-03 2.805611222444889807e-02 1.863727454909819559e-01 2.865731462925851791e-01 4.408817635270541324e-02 3.006012024048096073e-02 1.302605210420841597e-01 6.012024048096192320e-03 4.809619238476953856e-02 5.410821643286573002e-02 1.603206412825651170e-02 5.210420841683366389e-02 6.012024048096192320e-03
6.230529595015576148e-03 1.214953271028037379e-01 3.068535825545171125e-01 1.869158878504672758e-02 1.869158878504672758e-02 6.230529595015576148e-03 0.000000000000000000e+00 7.632398753894080456e-02 2.180685358255451609e-02 1.869158878504672758e-02 7.320872274143301606e-02 1.557632398753894080e-02 6.230529595015576322e-02 1.121495327102803724e-01 1.121495327102803724e-01 2.959501557632398736e-02
8.620689655172413673e-03 5.890804597701149170e-02 0.000000000000000000e+00 5.114942528735632044e-01 1.551724137931034531e-01 2.011494252873563190e-02 0.000000000000000000e+00 7.040229885057470993e-02 3.304597701149425415e-02 1.149425287356321823e-02 4.166666666666666435e-02 4.166666666666666435e-02 1.149425287356321823e-02 1.436781609195402279e-02 4.310344827586206837e-03 1.724137931034482735e-02
3.976608187134503258e-02 3.157894736842105365e-02 0.000000000000000000e+00 0.000000000000000000e+00 3.976608187134503258e-02 5.614035087719298350e-02 0.000000000000000000e+00 6.315789473684210731e-02 5.964912280701754194e-02 1.134502923976608152e-01 1.368421052631579038e-01 3.976608187134503258e-02 1.134502923976608152e-01 1.450292397660818688e-01 1.099415204678362568e-01 5.146198830409356995e-02
2.564102564102564014e-02 2.083333333333333218e-02 0.000000000000000000e+00 0.000000000000000000e+00 3.205128205128205017e-03 2.243589743589743599e-02 0.000000000000000000e+00 3.205128205128204844e-02 3.205128205128205017e-03 3.205128205128205017e-03 2.724358974358974395e-02 1.266025641025640969e-01 6.810897435897436125e-01 0.000000000000000000e+00 3.205128205128204844e-02 2.243589743589743599e-02
5.303030303030303177e-02 3.463203463203463200e-02 0.000000000000000000e+00 0.000000000000000000e+00 7.359307359307359908e-02 8.874458874458875102e-02 0.000000000000000000e+00 4.112554112554112767e-02 7.359307359307359908e-02 3.051948051948051854e-01 9.415584415584415945e-02 7.900432900432900751e-02 0.000000000000000000e+00 0.000000000000000000e+00 9.415584415584415945e-02 6.277056277056276834e-02
1.792573623559539156e-02 1.280409731113956416e-03 0.000000000000000000e+00 0.000000000000000000e+00 1.280409731113956416e-03 2.816901408450704289e-02 0.000000000000000000e+00 1.280409731113956416e-03 8.476312419974392220e-01 0.000000000000000000e+00 2.432778489116517451e-02 2.176696542893725994e-02 0.000000000000000000e+00 0.000000000000000000e+00 5.505761843790012849e-02 1.280409731113956416e-03
8.527131782945736316e-02 1.214470284237726128e-01 0.000000000000000000e+00 0.000000000000000000e+00 1.042204995693367803e-01 1.765719207579672656e-01 0.000000000000000000e+00 9.819121447028424099e-02 0.000000000000000000e+00 0.000000000000000000e+00 1.102497846683893196e-01 1.102497846683893196e-01 0.000000000000000000e+00 0.000000000000000000e+00 1.214470284237726128e-01 7.235142118863048533e-02
1.562500000000000000e-02 1.420454545454545407e-02 0.000000000000000000e+00 0.000000000000000000e+00 8.906250000000000000e-01 0.000000000000000000e+00 0.000000000000000000e+00 3.125000000000000000e-02 0.000000000000000000e+00 0.000000000000000000e+00 3.267045454545454419e-02 1.278409090909090988e-02 0.000000000000000000e+00 0.000000000000000000e+00 1.420454545454545494e-03 1.420454545454545494e-03
2.246891651865008943e-01 2.051509769094138624e-01 0.000000000000000000e+00 0.000000000000000000e+00 0.000000000000000000e+00 0.000000000000000000e+00 0.000000000000000000e+00 9.857904085257548910e-02 0.000000000000000000e+00 0.000000000000000000e+00 1.101243339253996506e-01 1.225577264653641141e-01 0.000000000000000000e+00 0.000000000000000000e+00 1.287744227353463666e-01 1.101243339253996506e-01
0.000000000000000000e+00 5.498007968127489598e-01 0.000000000000000000e+00 0.000000000000000000e+00 0.000000000000000000e+00 0.000000000000000000e+00 0.000000000000000000e+00 1.035856573705179334e-01 0.000000000000000000e+00 0.000000000000000000e+00 1.713147410358565603e-01 1.553784860557768932e-01 0.000000000000000000e+00 0.000000000000000000e+00 1.328021248339973344e-03 1.859229747675962899e-02
